
0 0.532139961 0.946026558 0.5 0.5 0 0 1.0 0.0 0.0 0.0 0.0 1.0 0.0 0.0 0.0 0.0 1.0 0.0
0 0.532139961 0.946026558 0.5 0.5 0 0 1.0 0.0 0.0 0.018518518518518517 0.0 1.0 0.0 0.0 0.0 0.0 1.0 0.0
0 0.532139961 0.946026558 0.5 0.5 0 0 1.0 0.0 0.0 0.037037037037037035 0.0 1.0 0.0 0.0 0.0 0.0 1.0 0.0
0 0.532139961 0.946026558 0.5 0.5 0 0 1.0 0.0 0.0 0.05555555555555555 0.0 1.0 0.0 0.0 0.0 0.0 1.0 0.0
0 0.532139961 0.946026558 0.5 0.5 0 0 1.0 0.0 0.0 0.07407407407407407 0.0 1.0 0.0 0.0 0.0 0.0 1.0 0.0
0 0.532139961 0.946026558 0.5 0.5 0 0 1.0 0.0 0.0 0.09259259259259259 0.0 1.0 0.0 0.0 0.0 0.0 1.0 0.0
0 0.532139961 0.946026558 0.5 0.5 0 0 1.0 0.0 0.0 0.1111111111111111 0.0 1.0 0.0 0.0 0.0 0.0 1.0 0.0
0 0.532139961 0.946026558 0.5 0.5 0 0 1.0 0.0 0.0 0.12962962962962962 0.0 1.0 0.0 0.0 0.0 0.0 1.0 0.0
0 0.532139961 0.946026558 0.5 0.5 0 0 1.0 0.0 0.0 0.14814814814814814 0.0 1.0 0.0 0.0 0.0 0.0 1.0 0.0
0 0.532139961 0.946026558 0.5 0.5 0 0 1.0 0.0 0.0 0.16666666666666666 0.0 1.0 0.0 0.0 0.0 0.0 1.0 0.0
0 0.532139961 0.946026558 0.5 0.5 0 0 1.0 0.0 0.0 0.18518518518518517 0.0 1.0 0.0 0.0 0.0 0.0 1.0 0.0
0 0.532139961 0.946026558 0.5 0.5 0 0 1.0 0.0 0.0 0.2037037037037037 0.0 1.0 0.0 0.0 0.0 0.0 1.0 0.0
0 0.532139961 0.946026558 0.5 0.5 0 0 1.0 0.0 0.0 0.2222222222222222 0.0 1.0 0.0 0.0 0.0 0.0 1.0 0.0
0 0.532139961 0.946026558 0.5 0.5 0 0 1.0 0.0 0.0 0.24074074074074073 0.0 1.0 0.0 0.0 0.0 0.0 1.0 0.0
0 0.532139961 0.946026558 0.5 0.5 0 0 1.0 0.0 0.0 0.25925925925925924 0.0 1.0 0.0 0.0 0.0 0.0 1.0 0.0
0 0.532139961 0.946026558 0.5 0.5 0 0 1.0 0.0 0.0 0.2777777777777778 0.0 1.0 0.0 0.0 0.0 0.0 1.0 0.0
0 0.532139961 0.946026558 0.5 0.5 0 0 1.0 0.0 0.0 0.2962962962962963 0.0 1.0 0.0 0.0 0.0 0.0 1.0 0.0
0 0.532139961 0.946026558 0.5 0.5 0 0 1.0 0.0 0.0 0.31481481481481477 0.0 1.0 0.0 0.0 0.0 0.0 1.0 0.0
0 0.532139961 0.946026558 0.5 0.5 0 0 1.0 0.0 0.0 0.3333333333333333 0.0 1.0 0.0 0.0 0.0 0.0 1.0 0.0
0 0.532139961 0.946026558 0.5 0.5 0 0 1.0 0.0 0.0 0.35185185185185186 0.0 1.0 0.0 0.0 0.0 0.0 1.0 0.0
0 0.532139961 0.946026558 0.5 0.5 0 0 1.0 0.0 0.0 0.37037037037037035 0.0 1.0 0.0 0.0 0.0 0.0 1.0 0.0
0 0.532139961 0.946026558 0.5 0.5 0 0 1.0 0.0 0.0 0.38888888888888884 0.0 1.0 0.0 0.0 0.0 0.0 1.0 0.0
0 0.532139961 0.946026558 0.5 0.5 0 0 1.0 0.0 0.0 0.4074074074074074 0.0 1.0 0.0 0.0 0.0 0.0 1.0 0.0
0 0.532139961 0.946026558 0.5 0.5 0 0 1.0 0.0 0.0 0.42592592592592593 0.0 1.0 0.0 0.0 0.0 0.0 1.0 0.0
0 0.532139961 0.946026558 0.5 0.5 0 0 1.0 0.0 0.0 0.4444444444444444 0.0 1.0 0.0 0.0 0.0 0.0 1.0 0.0
0 0.532139961 0.946026558 0.5 0.5 0 0 1.0 0.0 0.0 0.4629629629629629 0.0 1.0 0.0 0.0 0.0 0.0 1.0 0.0
0 0.532139961 0.946026558 0.5 0.5 0 0 1.0 0.0 0.0 0.48148148148148145 0.0 1.0 0.0 0.0 0.0 0.0 1.0 0.0
0 0.532139961 0.946026558 0.5 0.5 0 0 1.0 0.0 0.0 0.5 0.0 1.0 0.0 0.0 0.0 0.0 1.0 0.0
0 0.532139961 0.946026558 0.5 0.5 0 0 1.0 0.0 0.0 0.5185185185185185 0.0 1.0 0.0 0.0 0.0 0.0 1.0 0.0
0 0.532139961 0.946026558 0.5 0.5 0 0 1.0 0.0 0.0 0.537037037037037 0.0 1.0 0.0 0.0 0.0 0.0 1.0 0.0
0 0.532139961 0.946026558 0.5 0.5 0 0 1.0 0.0 0.0 0.5555555555555556 0.0 1.0 0.0 0.0 0.0 0.0 1.0 0.0
0 0.532139961 0.946026558 0.5 0.5 0 0 1.0 0.0 0.0 0.5740740740740741 0.0 1.0 0.0 0.0 0.0 0.0 1.0 0.0
0 0.532139961 0.946026558 0.5 0.5 0 0 1.0 0.0 0.0 0.5925925925925926 0.0 1.0 0.0 0.0 0.0 0.0 1.0 0.0
0 0.532139961 0.946026558 0.5 0.5 0 0 1.0 0.0 0.0 0.611111111111111 0.0 1.0 0.0 0.0 0.0 0.0 1.0 0.0
0 0.532139961 0.946026558 0.5 0.5 0 0 1.0 0.0 0.0 0.6296296296296295 0.0 1.0 0.0 0.0 0.0 0.0 1.0 0.0
0 0.532139961 0.946026558 0.5 0.5 0 0 1.0 0.0 0.0 0.6481481481481481 0.0 1.0 0.0 0.0 0.0 0.0 1.0 0.0
0 0.532139961 0.946026558 0.5 0.5 0 0 1.0 0.0 0.0 0.6666666666666666 0.0 1.0 0.0 0.0 0.0 0.0 1.0 0.0
0 0.532139961 0.946026558 0.5 0.5 0 0 1.0 0.0 0.0 0.6851851851851851 0.0 1.0 0.0 0.0 0.0 0.0 1.0 0.0
0 0.532139961 0.946026558 0.5 0.5 0 0 1.0 0.0 0.0 0.7037037037037037 0.0 1.0 0.0 0.0 0.0 0.0 1.0 0.0
0 0.532139961 0.946026558 0.5 0.5 0 0 1.0 0.0 0.0 0.7222222222222222 0.0 1.0 0.0 0.0 0.0 0.0 1.0 0.0
0 0.532139961 0.946026558 0.5 0.5 0 0 1.0 0.0 0.0 0.7407407407407407 0.0 1.0 0.0 0.0 0.0 0.0 1.0 0.0
0 0.532139961 0.946026558 0.5 0.5 0 0 1.0 0.0 0.0 0.7592592592592593 0.0 1.0 0.0 0.0 0.0 0.0 1.0 0.0
0 0.532139961 0.946026558 0.5 0.5 0 0 1.0 0.0 0.0 0.7777777777777777 0.0 1.0 0.0 0.0 0.0 0.0 1.0 0.0
0 0.532139961 0.946026558 0.5 0.5 0 0 1.0 0.0 0.0 0.7962962962962963 0.0 1.0 0.0 0.0 0.0 0.0 1.0 0.0
0 0.532139961 0.946026558 0.5 0.5 0 0 1.0 0.0 0.0 0.8148148148148148 0.0 1.0 0.0 0.0 0.0 0.0 1.0 0.0
0 0.532139961 0.946026558 0.5 0.5 0 0 1.0 0.0 0.0 0.8333333333333334 0.0 1.0 0.0 0.0 0.0 0.0 1.0 0.0
0 0.532139961 0.946026558 0.5 0.5 0 0 1.0 0.0 0.0 0.8518518518518519 0.0 1.0 0.0 0.0 0.0 0.0 1.0 0.0
0 0.532139961 0.946026558 0.5 0.5 0 0 1.0 0.0 0.0 0.8703703703703705 0.0 1.0 0.0 0.0 0.0 0.0 1.0 0.0
0 0.532139961 0.946026558 0.5 0.5 0 0 1.0 0.0 0.0 0.8888888888888888 0.0 1.0 0.0 0.0 0.0 0.0 1.0 0.0
0 0.532139961 0.946026558 0.5 0.5 0 0 1.0 0.0 0.0 0.9074074074074074 0.0 1.0 0.0 0.0 0.0 0.0 1.0 0.0
0 0.532139961 0.946026558 0.5 0.5 0 0 1.0 0.0 0.0 0.9259259259259258 0.0 1.0 0.0 0.0 0.0 0.0 1.0 0.0
0 0.532139961 0.946026558 0.5 0.5 0 0 1.0 0.0 0.0 0.9444444444444444 0.0 1.0 0.0 0.0 0.0 0.0 1.0 0.0
0 0.532139961 0.946026558 0.5 0.5 0 0 1.0 0.0 0.0 0.9629629629629629 0.0 1.0 0.0 0.0 0.0 0.0 1.0 0.0
0 0.532139961 0.946026558 0.5 0.5 0 0 1.0 0.0 0.0 0.9814814814814815 0.0 1.0 0.0 0.0 0.0 0.0 1.0 0.0
0 0.532139961 0.946026558 0.5 0.5 0 0 1.0 0.0 0.0 1.0 0.0 1.0 0.0 0.0 0.0 0.0 1.0 0.0
0 0.532139961 0.946026558 0.5 0.5 0 0 1.0 0.0 0.0 1.0185185185185186 0.0 1.0 0.0 0.0 0.0 0.0 1.0 0.0
0 0.532139961 0.946026558 0.5 0.5 0 0 1.0 0.0 0.0 1.037037037037037 0.0 1.0 0.0 0.0 0.0 0.0 1.0 0.0
0 0.532139961 0.946026558 0.5 0.5 0 0 1.0 0.0 0.0 1.0555555555555556 0.0 1.0 0.0 0.0 0.0 0.0 1.0 0.0
0 0.532139961 0.946026558 0.5 0.5 0 0 1.0 0.0 0.0 1.074074074074074 0.0 1.0 0.0 0.0 0.0 0.0 1.0 0.0
0 0.532139961 0.946026558 0.5 0.5 0 0 1.0 0.0 0.0 1.0925925925925926 0.0 1.0 0.0 0.0 0.0 0.0 1.0 0.0
0 0.532139961 0.946026558 0.5 0.5 0 0 1.0 0.0 0.0 1.1111111111111112 0.0 1.0 0.0 0.0 0.0 0.0 1.0 0.0
0 0.532139961 0.946026558 0.5 0.5 0 0 1.0 0.0 0.0 1.1296296296296298 0.0 1.0 0.0 0.0 0.0 0.0 1.0 0.0
0 0.532139961 0.946026558 0.5 0.5 0 0 1.0 0.0 0.0 1.1481481481481481 0.0 1.0 0.0 0.0 0.0 0.0 1.0 0.0
0 0.532139961 0.946026558 0.5 0.5 0 0 1.0 0.0 0.0 1.1666666666666667 0.0 1.0 0.0 0.0 0.0 0.0 1.0 0.0
0 0.532139961 0.946026558 0.5 0.5 0 0 1.0 0.0 0.0 1.1851851851851851 0.0 1.0 0.0 0.0 0.0 0.0 1.0 0.0
0 0.532139961 0.946026558 0.5 0.5 0 0 1.0 0.0 0.0 1.2037037037037037 0.0 1.0 0.0 0.0 0.0 0.0 1.0 0.0
0 0.532139961 0.946026558 0.5 0.5 0 0 1.0 0.0 0.0 1.222222222222222 0.0 1.0 0.0 0.0 0.0 0.0 1.0 0.0
0 0.532139961 0.946026558 0.5 0.5 0 0 1.0 0.0 0.0 1.2407407407407407 0.0 1.0 0.0 0.0 0.0 0.0 1.0 0.0
0 0.532139961 0.946026558 0.5 0.5 0 0 1.0 0.0 0.0 1.259259259259259 0.0 1.0 0.0 0.0 0.0 0.0 1.0 0.0
0 0.532139961 0.946026558 0.5 0.5 0 0 1.0 0.0 0.0 1.2777777777777777 0.0 1.0 0.0 0.0 0.0 0.0 1.0 0.0
0 0.532139961 0.946026558 0.5 0.5 0 0 1.0 0.0 0.0 1.2962962962962963 0.0 1.0 0.0 0.0 0.0 0.0 1.0 0.0
0 0.532139961 0.946026558 0.5 0.5 0 0 1.0 0.0 0.0 1.3148148148148149 0.0 1.0 0.0 0.0 0.0 0.0 1.0 0.0
0 0.532139961 0.946026558 0.5 0.5 0 0 1.0 0.0 0.0 1.3333333333333333 0.0 1.0 0.0 0.0 0.0 0.0 1.0 0.0
0 0.532139961 0.946026558 0.5 0.5 0 0 1.0 0.0 0.0 1.3518518518518519 0.0 1.0 0.0 0.0 0.0 0.0 1.0 0.0
0 0.532139961 0.946026558 0.5 0.5 0 0 1.0 0.0 0.0 1.3703703703703702 0.0 1.0 0.0 0.0 0.0 0.0 1.0 0.0
0 0.532139961 0.946026558 0.5 0.5 0 0 1.0 0.0 0.0 1.3888888888888888 0.0 1.0 0.0 0.0 0.0 0.0 1.0 0.0
0 0.532139961 0.946026558 0.5 0.5 0 0 1.0 0.0 0.0 1.4074074074074074 0.0 1.0 0.0 0.0 0.0 0.0 1.0 0.0
0 0.532139961 0.946026558 0.5 0.5 0 0 1.0 0.0 0.0 1.425925925925926 0.0 1.0 0.0 0.0 0.0 0.0 1.0 0.0
0 0.532139961 0.946026558 0.5 0.5 0 0 1.0 0.0 0.0 1.4444444444444444 0.0 1.0 0.0 0.0 0.0 0.0 1.0 0.0
0 0.532139961 0.946026558 0.5 0.5 0 0 1.0 0.0 0.0 1.462962962962963 0.0 1.0 0.0 0.0 0.0 0.0 1.0 0.0
0 0.532139961 0.946026558 0.5 0.5 0 0 1.0 0.0 0.0 1.4814814814814814 0.0 1.0 0.0 0.0 0.0 0.0 1.0 0.0
